[210.0, 210.0, 211.0, 214.0, 220.0, 231.0, 246.0, 264.0, 
 284.0, 304.0, 322.0, 337.0, 349.0, 355.0, 359.0, 363.0,
 365.0, 225.0, 235.0, 251.0, 268.0, 282.0, 303.0, 317.0, 
 332.0, 347.0, 355.0, 291.0, 291.0, 291.0, 291.0, 272.0,
 281.0, 290.0, 298.0, 306.0, 241.0, 250.0, 262.0, 270.0,
 261.0, 250.0, 310.0, 320.0, 331.0, 339.0, 332.0, 321.0, 
 260.0, 271.0, 281.0, 288.0, 295.0, 304.0, 314.0, 303.0,
 294.0, 287.0, 279.0, 270.0, 265.0, 281.0, 288.0, 295.0, 
 309.0, 295.0, 287.0, 280.0]


[65.0, 86.0, 106.0, 125.0, 144.0, 159.0, 170.0, 178.0,
 181.0, 178.0, 169.0, 158.0, 142.0, 124.0, 106.0, 87.0,
 67.0, 50.0, 38.0, 34.0, 37.0, 44.0, 43.0, 37.0,
 33.0, 38.0, 51.0, 59.0, 73.0, 86.0, 100.0, 110.0, 
 113.0, 115.0, 113.0, 110.0, 62.0, 56.0, 57.0, 64.0,
 67.0, 67.0, 65.0, 57.0, 56.0, 63.0, 67.0, 68.0,
 136.0, 130.0, 127.0, 130.0, 128.0, 131.0, 137.0, 145.0, 
 147.0, 148.0, 147.0, 144.0, 136.0, 134.0, 135.0, 135.0,
 137.0, 137.0, 138.0, 137.0]

